439.81
439.397
439.017
438.67
438.559
438.763
438.978
439.035
438.953
438.617
438.026
437.485
437.116
436.87
436.659
436.38
435.85
434.864
433.68
432.985
433.217
434.185
435.243
435.848
435.768
435.076
434.208
433.796
434.082
434.706
435.294
435.77
436.099
436.211
436.177
436.165
436.045
435.439
434.477
433.882
434
434.45
434.813
435.006
435.142
435.417
436.028
436.844
437.331
437.232
436.835
436.404
435.865
435.253
434.708
434.224
433.817
433.635
433.769
434.195
434.762
435.3
435.866
436.61
437.207
436.86
435.744
435.732
437.622
438.829
437.311
434.799
432.578
430.712
430.353
432.543
436.93
440.978
441.401
439.115
437.139
436.207
436.137
436.888
437.895
438.949
439.473
439.412
439.15
439.018
439.415
440.258
440.788
441.257
442.385
443.262
443.108
443.529
444.616
444.484
443.378
442.038
441.878
444.211
450.173
455.785
453.175
447.005
444.475
442.314
439.075
435.582
433.421
432.765
432.482
432.544
433.249
434.094
435.089
436.371
437.743
438.952
439.61
439.337
438.446
437.893
438.199
439.332
441.231
443.767
446.459
448.698
450.242
451.439
452.545
453.078
452.641
451.395
449.407
446.983
444.893
443.486
442.552
441.996
441.708
441.462
441.151
440.821
440.549
440.35
440.211
440.085
439.905
439.646
439.357
439.078
438.817
438.622
438.56
438.656
438.873
439.114
439.268
439.258
439.052
438.653
438.105
437.495
436.927
436.496
436.277
436.334
436.694
437.291
437.974
438.595
439.081
439.426
439.661
439.842
440.009
440.156
440.258
440.302
440.278
440.198
440.078
439.925
439.778
439.685
439.616
439.633
