  -1.8165400e+00
  -2.6769601e+00
  -7.7903887e-01
  -1.3800167e+00
  -1.2000234e+00
  -9.2788601e-01
  -1.3975754e+00
  -4.0798820e-01
   2.3845208e-01
  -5.4953848e-02
  -8.0108534e-01
   3.7775175e-01
   1.3587800e-01
  -4.3292407e-01
  -1.3050017e-01
  -5.0654848e-01
   2.8485262e-01
   4.5547167e-01
   9.0097697e-01
  -1.2558098e-01
   6.5001988e-01
   7.2364429e-01
   1.4992956e-01
   2.0667496e+00
   1.7112115e+00
   4.7075548e-01
   9.7008095e-01
   1.6020578e+00
   1.7366115e+00
   2.0791571e+00
   1.5566771e+00
   4.8721923e-01
   1.4594536e+00
  -2.5305825e-01
  -2.5305825e-01
  -5.9269149e-01
  -1.8902381e-01
  -5.2877472e-01
   6.8034889e-01
   8.7030476e-01
   6.9924772e-01
  -1.5229496e-01
   3.4294481e-01
   4.6927482e-01
  -1.4625937e+00
  -1.8628588e+00
   3.0048432e-02
  -1.8035638e+00
   2.4893110e-01
   1.3628284e+00
  -7.0969955e-01
  -1.8102635e-03
  -6.4198797e-01
  -3.1374242e-01
   3.2899131e-01
   6.3697177e-01
   2.9430204e-01
   9.0459527e-01
  -3.3157570e-01
   8.5002801e-02
  -2.1132196e-01
   1.0657878e+00
  -1.5030781e+00
  -1.2994466e+00
  -1.5472855e+00
   1.7346791e-02
   6.9725532e-02
   5.1375998e-01
  -3.8187564e-01
