   2.3998534e+02
   2.3981467e+02
   2.4015907e+02
   2.4003685e+02
   2.4005046e+02
   2.4009128e+02
   2.3986357e+02
   2.4003836e+02
   2.4015907e+02
   2.4009428e+02
   2.3995496e+02
   2.4016508e+02
   2.4011992e+02
   2.3984370e+02
   2.3990018e+02
   2.3982996e+02
   2.3997774e+02
   2.4000960e+02
   2.4009279e+02
   2.3970110e+02
   2.3985593e+02
   2.3986967e+02
   2.3976254e+02
   2.4013048e+02
   2.4006409e+02
   2.3962245e+02
   2.3972569e+02
   2.3984370e+02
   2.3987883e+02
   2.3994279e+02
   2.3984523e+02
   2.3944553e+02
   2.3962708e+02
   2.3931729e+02
   2.3931729e+02
   2.3926387e+02
   2.3933925e+02
   2.3907581e+02
   2.3930159e+02
   2.3934706e+02
   2.3932512e+02
   2.3916611e+02
   2.3926859e+02
   2.3929218e+02
   2.3873143e+02
   2.3866669e+02
   2.3902016e+02
   2.3868776e+02
   2.3907103e+02
   2.3928903e+02
   2.3871202e+02
   2.3884421e+02
   2.3873466e+02
   2.3879596e+02
   2.3892598e+02
   2.3898349e+02
   2.3873950e+02
   2.3886346e+02
   2.3863263e+02
   2.3871042e+02
   2.3866508e+02
   2.3890356e+02
   2.3826387e+02
   2.3830190e+02
   2.3825562e+02
   2.3855779e+02
   2.3856757e+02
   2.3865048e+02
   2.3833324e+02
   2.3852843e+02
   2.3859851e+02
   2.3841220e+02
   2.3840892e+02
   2.3866345e+02
   2.3837111e+02
   2.3825064e+02
   2.3813277e+02
   2.3836946e+02
   2.3848596e+02
   2.3845485e+02
   2.3853659e+02
   2.3844173e+02
   2.3834642e+02
   2.3829694e+02
   2.3813609e+02
   2.3820590e+02
   2.3798401e+02
   2.3783580e+02
   2.3785606e+02
   2.3804097e+02
   2.3801082e+02
   2.3796889e+02
   2.3811943e+02
   2.3791341e+02
   2.3781212e+02
   2.3798233e+02
   2.3813110e+02
   2.3818431e+02
   2.3832664e+02
   2.3779179e+02
   2.3782057e+02
   2.3799406e+02
   2.3776297e+02
   2.3781212e+02
   2.3805768e+02
   2.3753429e+02
   2.3714244e+02
   2.3732027e+02
   2.3752570e+02
   2.3735321e+02
   2.3724724e+02
   2.3770518e+02
   2.3767966e+02
   2.3731679e+02
   2.3722458e+02
   2.3706523e+02
   2.3718094e+02
   2.3768306e+02
   2.3755658e+02
   2.3765578e+02
   2.3753600e+02
   2.3742584e+02
   2.3760112e+02
   2.3750163e+02
   2.3783072e+02
   2.3739128e+02
   2.3729768e+02
   2.3743102e+02
   2.3779688e+02
   2.3786113e+02
   2.3813443e+02
   2.3778163e+02
   2.3804263e+02
   2.3790666e+02
   2.3767284e+02
   2.3799910e+02
   2.3776974e+02
   2.3780194e+02
   2.3784761e+02
   2.3805768e+02
   2.3809444e+02
   2.3814775e+02
   2.3751711e+02
   2.3829529e+02
   2.3742238e+02
   2.3758228e+02
   2.3749820e+02
   2.3806436e+02
   2.3803593e+02
   2.3849904e+02
   2.3787633e+02
   2.3775787e+02
   2.3782057e+02
   2.3815607e+02
   2.3777994e+02
   2.3815938e+02
   2.3783411e+02
   2.3783072e+02
   2.3797897e+02
   2.3797560e+02
   2.3728726e+02
   2.3762334e+02
   2.3749991e+02
   2.3738264e+02
   2.3722108e+02
   2.3721063e+02
   2.3752397e+02
   2.3739819e+02
   2.3763359e+02
   2.3712668e+02
   2.3691168e+02
   2.3721935e+02
   2.3757886e+02
   2.3737572e+02
   2.3769327e+02
   2.3752226e+02
   2.3724200e+02
   2.3718967e+02
   2.3783580e+02
   2.3718617e+02
   2.3750851e+02
   2.3720015e+02
   2.3731158e+02
   2.3728206e+02
   2.3687088e+02
   2.3737225e+02
   2.3744310e+02
   2.3719667e+02
   2.3718443e+02
   2.3739302e+02
   2.3752742e+02
   2.3745171e+02
   2.3765578e+02
   2.3752742e+02
   2.3745171e+02
   2.3722458e+02
   2.3764383e+02
   2.3724898e+02
   2.3737744e+02
   2.3748444e+02
   2.3718268e+02
   2.3776637e+02
   2.3796385e+02
   2.3791003e+02
   2.3751195e+02
   2.3738264e+02
   2.3752570e+02
   2.3698244e+02
   2.3701596e+02
   2.3746893e+02
   2.3727856e+02
   2.3750851e+02
   2.3739302e+02
   2.3757030e+02
   2.3771880e+02
   2.3731158e+02
   2.3757201e+02
   2.3738954e+02
   2.3747240e+02
   2.3754630e+02
   2.3698244e+02
   2.3692053e+02
   2.3712843e+02
   2.3661888e+02
   2.3737225e+02
   2.3701418e+02
   2.3709335e+02
   2.3699655e+02
   2.3724200e+02
   2.3725420e+02
   2.3689574e+02
   2.3708456e+02
   2.3698596e+02
   2.3670862e+02
   2.3713368e+02
   2.3671758e+02
   2.3700362e+02
   2.3717220e+02
   2.3677477e+02
   2.3717046e+02
   2.3701065e+02
   2.3667816e+02
   2.3705644e+02
   2.3665123e+02
   2.3701596e+02
   2.3682109e+02
   2.3670682e+02
   2.3674261e+02
   2.3695593e+02
   2.3679616e+02
   2.3678546e+02
   2.3675513e+02
   2.3669786e+02
   2.3683711e+02
   2.3631067e+02
   2.3676404e+02
   2.3683711e+02
   2.3695239e+02
   2.3690814e+02
   2.3685310e+02
   2.3728378e+02
   2.3730812e+02
   2.3734627e+02
   2.3711440e+02
   2.3734975e+02
   2.3743274e+02
   2.3731158e+02
   2.3718967e+02
   2.3728206e+02
   2.3753256e+02
   2.3750851e+02
   2.3704588e+02
   2.3737399e+02
   2.3744998e+02
   2.3728552e+02
   2.3763188e+02
   2.3739302e+02
   2.3710564e+02
   2.3720538e+02
   2.3734106e+02
   2.3757542e+02
   2.3749477e+02
   2.3715820e+02
   2.3710213e+02
   2.3744136e+02
   2.3725595e+02
   2.3707579e+02
   2.3753084e+02
   2.3729073e+02
   2.3745688e+02
   2.3738437e+02
   2.3715120e+02
   2.3729594e+02
   2.3718617e+02
   2.3724898e+02
   2.3726291e+02
   2.3733414e+02
   2.3754630e+02
   2.3752742e+02
   2.3744310e+02
   2.3753256e+02
   2.3755830e+02
   2.3761650e+02
   2.3777654e+02
   2.3777823e+02
   2.3758571e+02
   2.3760623e+02
   2.3744136e+02
   2.3727856e+02
   2.3800412e+02
   2.3740683e+02
   2.3758913e+02
   2.3789993e+02
   2.3767966e+02
   2.3748787e+02
   2.3778500e+02
   2.3737051e+02
   2.3726987e+02
   2.3729422e+02
   2.3682999e+02
   2.3714420e+02
   2.3686555e+02
   2.3785269e+02
   2.3707930e+02
   2.3713893e+02
   2.3715120e+02
   2.3704236e+02
   2.3729768e+02
   2.3720538e+02
   2.3716345e+02
   2.3725072e+02
   2.3676048e+02
   2.3711266e+02
   2.3714070e+02
   2.3716519e+02
   2.3678546e+02
   2.3675868e+02
   2.3702652e+02
   2.3699126e+02
   2.3722632e+02
   2.3705644e+02
   2.3709335e+02
   2.3717918e+02
   2.3700008e+02
   2.3716696e+02
   2.3645270e+02
   2.3672652e+02
   2.3668712e+02
   2.3686732e+02
   2.3705293e+02
   2.3722458e+02
   2.3703357e+02
   2.3707579e+02
   2.3679439e+02
   2.3706700e+02
   2.3714771e+02
   2.3670682e+02
   2.3710915e+02
   2.3676941e+02
   2.3676941e+02
   2.3699301e+02
   2.3707755e+02
   2.3664764e+02
   2.3643454e+02
   2.3704765e+02
   2.3701949e+02
   2.3671936e+02
   2.3693469e+02
   2.3669429e+02
   2.3702477e+02
   2.3677832e+02
   2.3736533e+02
   2.3698419e+02
   2.3691699e+02
   2.3682645e+02
   2.3710387e+02
   2.3686555e+02
   2.3715294e+02
   2.3709511e+02
   2.3714244e+02
   2.3712141e+02
   2.3698950e+02
   2.3733414e+02
   2.3712492e+02
   2.3702652e+02
   2.3712317e+02
   2.3717918e+02
   2.3732547e+02
   2.3746721e+02
   2.3728206e+02
   2.3730116e+02
   2.3703534e+02
   2.3707402e+02
   2.3715471e+02
   2.3713893e+02
   2.3724028e+02
   2.3725768e+02
   2.3726639e+02
   2.3742412e+02
   2.3745860e+02
   2.3794032e+02
   2.3729248e+02
   2.3768646e+02
   2.3733414e+02
   2.3820590e+02
   2.3731505e+02
   2.3796385e+02
   2.3786282e+02
   2.3785776e+02
   2.3763017e+02
   2.3788982e+02
   2.3780872e+02
   2.3797392e+02
   2.3798233e+02
   2.3799574e+02
   2.3822247e+02
   2.3788475e+02
   2.3821585e+02
   2.3800244e+02
   2.3844009e+02
   2.3855290e+02
   2.3873790e+02
   2.3814441e+02
   2.3898349e+02
   2.3848759e+02
   2.3884259e+02
   2.3868614e+02
   2.3877823e+02
   2.3894676e+02
   2.3877983e+02
   2.3843518e+02
   2.3815938e+02
   2.3849413e+02
   2.3879434e+02
   2.3863588e+02
   2.3899783e+02
   2.3826555e+02
   2.3887791e+02
   2.3892278e+02
   2.3926546e+02
   2.3896114e+02
   2.3929530e+02
   2.3941745e+02
   2.3910912e+02
   2.3930473e+02
   2.3933455e+02
   2.3908215e+02
   2.3906468e+02
   2.3939401e+02
   2.3867319e+02
   2.3908533e+02
   2.3910118e+02
   2.3900740e+02
   2.3889233e+02
   2.3890997e+02
   2.3898030e+02
   2.3915187e+02
   2.3893718e+02
   2.3891476e+02
   2.3890677e+02
   2.3875081e+02
   2.3887952e+02
   2.3883778e+02
   2.3858223e+02
   2.3903288e+02
   2.3898828e+02
   2.3870879e+02
   2.3878951e+02
   2.3873143e+02
   2.3886026e+02
   2.3894835e+02
   2.3888754e+02
   2.3879274e+02
   2.3876210e+02
   2.3868938e+02
   2.3889554e+02
   2.3922452e+02
   2.3923712e+02
   2.3876210e+02
   2.3897392e+02
   2.3878629e+02
   2.3893396e+02
   2.3926859e+02
   2.3934082e+02
   2.3923553e+02
   2.3886346e+02
   2.3901537e+02
   2.3916611e+02
   2.3913446e+02
   2.3936429e+02
   2.3885384e+02
   2.3865210e+02
   2.3914555e+02
   2.3901697e+02
   2.3897870e+02
   2.3908533e+02
   2.3867155e+02
   2.3886989e+02
   2.3900740e+02
   2.3874112e+02
   2.3890997e+02
   2.3900740e+02
   2.3901697e+02
   2.3911388e+02
   2.3932042e+02
   2.3889233e+02
   2.3905356e+02
   2.3908374e+02
   2.3934706e+02
   2.3946422e+02
   2.3904878e+02
   2.3928903e+02
   2.3915979e+02
   2.3912338e+02
   2.3891637e+02
   2.3876532e+02
   2.3889554e+02
   2.3880400e+02
   2.3898030e+02
   2.3895634e+02
   2.3882652e+02
   2.3886508e+02
   2.3895474e+02
   2.3883939e+02
   2.3906310e+02
   2.3901218e+02
   2.3924815e+02
   2.3910118e+02
   2.3889716e+02
   2.3913289e+02
   2.3912022e+02
   2.3895474e+02
   2.3899942e+02
   2.3894997e+02
   2.3904401e+02
   2.3905356e+02
   2.3921190e+02
   2.3915662e+02
   2.3924026e+02
   2.3918506e+02
   2.3916611e+02
   2.3930159e+02
   2.3945488e+02
   2.3965486e+02
   2.3962090e+02
   2.3949690e+02
   2.3949846e+02
   2.3943304e+02
   2.3950467e+02
   2.3973645e+02
   2.3974568e+02
   2.3985440e+02
   2.3980853e+02
   2.3980394e+02
   2.3998077e+02
   2.4002777e+02
   2.4010786e+02
   2.4009579e+02
   2.4012897e+02
   2.4023267e+02
   2.4040131e+02
   2.4024612e+02
