  -2.7815247e-01
  -4.7218323e-01
  -3.5897827e-01
  -4.3325806e-01
  -4.9697876e-01
  -5.1158142e-01
  -1.6204834e-01
   2.9449463e-03
  -5.5816650e-02
  -7.6095581e-02
  -2.5941467e-01
  -1.1447144e-01
  -2.0640564e-01
   3.9352417e-02
  -4.2678833e-02
  -7.2540283e-02
   6.3385010e-02
   2.3223877e-02
   5.9188843e-02
   1.0894775e-01
   1.6845703e-01
   2.1751404e-01
   1.1781311e-01
   4.0943909e-01
   3.0406189e-01
   2.2520447e-01
   2.6646423e-01
   4.1427612e-01
   4.7579956e-01
   4.6144104e-01
   3.2859802e-01
   2.2714233e-01
   3.7496948e-01
   8.9035034e-02
   1.3043213e-01
  -1.3122559e-03
   4.2343140e-02
   2.1682739e-02
   2.3724365e-01
   2.9753113e-01
   3.3111572e-01
   9.5504761e-02
   1.6685486e-01
   1.8978882e-01
  -1.6545105e-01
  -2.1669006e-01
   1.9532776e-01
  -2.1058655e-01
   1.5057373e-01
   3.5705566e-01
  -2.8472900e-02
   1.0795593e-01
   6.4834595e-02
   5.7128906e-02
   1.6584778e-01
   2.0753479e-01
   1.3809204e-01
   2.5958252e-01
   9.7991943e-02
   1.1224365e-01
   4.8980713e-02
   2.7006531e-01
  -2.1171570e-01
  -1.8296814e-01
  -1.5937805e-01
   8.5479736e-02
   8.0718994e-02
   1.4494324e-01
  -2.8610229e-02
   1.5066528e-01
   2.8927612e-01
   5.2520752e-02
   3.8040161e-02
   2.7119446e-01
   1.1219788e-01
  -3.0715942e-02
  -8.1726074e-02
   1.1195374e-01
   2.1914673e-01
   1.6302490e-01
   1.7929077e-01
   2.4725342e-01
   2.1424866e-01
   1.2800598e-01
  -3.7292480e-02
   7.4615479e-03
  -2.8784180e-01
  -2.8018188e-01
  -2.0443726e-01
  -4.7363281e-02
  -7.8628540e-02
  -1.4784241e-01
  -7.4722290e-02
  -1.3151550e-01
  -1.8383789e-01
  -3.3767700e-02
   1.1724854e-01
   1.4276123e-01
   2.0341492e-01
  -1.8852234e-01
  -1.1805725e-01
   4.2861938e-02
  -1.8261719e-01
  -1.6117859e-01
  -5.0354004e-04
  -3.8792419e-01
  -7.4505615e-01
  -5.7246399e-01
  -3.5807800e-01
  -5.5787659e-01
  -7.5100708e-01
  -1.6197205e-01
  -1.6191101e-01
  -5.2307129e-01
  -6.0298157e-01
  -7.8889465e-01
  -7.6258850e-01
  -1.3412476e-01
  -2.4342346e-01
  -1.3668823e-01
  -2.4015808e-01
  -3.7579346e-01
  -2.8970337e-01
  -2.6974487e-01
  -7.1838379e-02
  -3.7129211e-01
  -4.5007324e-01
  -2.9783630e-01
   4.3136597e-02
   1.8295288e-02
   4.0753174e-01
  -6.8145752e-02
   3.3483887e-01
   2.2091675e-01
  -3.5461426e-02
   2.0312500e-01
   7.5729370e-02
   1.2054443e-03
   1.7808533e-01
   4.1342163e-01
   4.2945862e-01
   3.9573669e-01
  -1.4576721e-01
   5.4040527e-01
  -2.1189880e-01
  -2.3635864e-02
  -1.2644958e-01
   3.5452271e-01
   4.0299988e-01
   7.8932190e-01
   2.7537537e-01
   1.8830872e-01
   2.3437500e-01
   4.8693848e-01
   1.7608643e-01
   4.9235535e-01
   2.6487732e-01
   2.9576111e-01
   4.2971802e-01
   3.4666443e-01
  -2.8796387e-01
  -2.4871826e-03
  -3.8879395e-02
  -1.1906433e-01
  -2.9255676e-01
  -3.8032532e-01
  -2.2888184e-02
  -1.8707275e-01
   1.2426758e-01
  -3.4291077e-01
  -5.6739807e-01
  -3.3380127e-01
   6.0394287e-02
  -1.7134094e-01
   2.1261597e-01
   8.3847046e-02
  -2.0341492e-01
  -3.2635498e-01
   3.4590149e-01
  -3.2299805e-01
   5.5908203e-02
  -2.7761841e-01
  -9.6923828e-02
  -1.3044739e-01
  -6.0862732e-01
  -9.9914551e-02
   1.8051147e-02
  -2.4615479e-01
  -1.9390869e-01
   1.2741089e-02
   8.3862305e-02
   5.3771973e-02
   2.1977234e-01
   1.7816162e-01
   4.2739868e-02
  -1.2414551e-01
   2.3565674e-01
  -1.2223816e-01
  -2.3208618e-02
   1.6360474e-01
  -1.9354248e-01
   4.4854736e-01
   5.9037781e-01
   5.6474304e-01
   1.4579773e-01
   8.9614868e-02
   1.8118286e-01
  -3.0564880e-01
  -3.2348633e-01
   1.4994812e-01
  -5.4473877e-02
   2.4217224e-01
   7.8674316e-02
   3.1163025e-01
   4.1201782e-01
   1.7929077e-02
   2.7207947e-01
   1.4993286e-01
   1.8800354e-01
   3.1619263e-01
  -2.9162598e-01
  -3.4835815e-01
  -1.4045715e-01
  -5.9530640e-01
   1.1616516e-01
  -1.8795776e-01
  -1.5011597e-01
  -2.4833679e-01
   3.8299561e-03
   6.4376831e-02
  -3.3377075e-01
  -9.1247559e-02
  -2.2727966e-01
  -5.1281738e-01
  -7.5653076e-02
  -4.4908142e-01
  -1.9953918e-01
   2.1408081e-02
  -4.5027161e-01
  -1.4587402e-02
  -1.7141724e-01
  -4.6679688e-01
  -1.2310791e-01
  -4.7616577e-01
  -1.8742371e-01
  -3.3753967e-01
  -4.4981384e-01
  -3.8221741e-01
  -2.0101929e-01
  -3.0960083e-01
  -3.9889526e-01
  -3.7870789e-01
  -4.3495178e-01
  -2.6945496e-01
  -8.2624817e-01
  -3.2211304e-01
  -3.2978821e-01
  -1.5965271e-01
  -2.0384216e-01
  -2.3728943e-01
   1.6511536e-01
   2.3931885e-01
   1.9404602e-01
   2.1972656e-02
   2.5650024e-01
   3.5621643e-01
   2.0890808e-01
   1.3546753e-01
   1.4231873e-01
   4.5674133e-01
   4.3107605e-01
  -1.9378662e-02
   2.8462219e-01
   4.0805054e-01
   1.5567017e-01
   5.7005310e-01
   3.2887268e-01
   4.8812866e-02
   1.2696838e-01
   3.0815125e-01
   4.5268250e-01
   4.4334412e-01
   1.0392761e-01
   5.0643921e-02
   3.7080383e-01
   2.2866821e-01
  -4.2800903e-02
   4.8620605e-01
   2.4278259e-01
   4.0736389e-01
   3.1852722e-01
   1.2608337e-01
   1.7839050e-01
   1.4447021e-01
   1.2597656e-01
   2.1775818e-01
   2.6966858e-01
   5.1948547e-01
   4.0760803e-01
   4.0025330e-01
   4.0783691e-01
   5.1194763e-01
   5.4989624e-01
   7.4394226e-01
   6.5281677e-01
   5.3721619e-01
   4.7644043e-01
   3.8966370e-01
   2.0590210e-01
   9.6147156e-01
   2.7195740e-01
   5.3041077e-01
   7.6123047e-01
   6.1822510e-01
   4.0527344e-01
   7.2746277e-01
   2.2253418e-01
   1.9586182e-01
   1.4291382e-01
  -2.4571228e-01
   4.7241211e-02
  -2.1104431e-01
   6.8765259e-01
  -1.4480591e-02
  -2.8930664e-02
   5.6472778e-02
  -7.2784424e-02
   1.9639587e-01
   1.9256592e-02
   4.4006348e-02
   6.2179565e-02
  -3.5859680e-01
  -2.5405884e-02
   1.0009766e-02
  -4.6234131e-02
  -3.6415100e-01
  -4.5515442e-01
  -1.2112427e-01
  -1.7433167e-01
   6.1569214e-02
  -1.8452454e-01
  -9.2330933e-02
  -6.3461304e-02
  -1.8171692e-01
  -3.0929565e-02
  -7.5192261e-01
  -5.4838562e-01
  -5.4016113e-01
  -4.0898132e-01
  -1.6827393e-01
  -5.2352905e-02
  -2.0144653e-01
  -2.3745728e-01
  -4.8011780e-01
  -2.4745178e-01
  -1.1822510e-01
  -6.1277771e-01
  -1.6792297e-01
  -5.8668518e-01
  -5.5793762e-01
  -3.6416626e-01
  -2.3762512e-01
  -7.1923828e-01
  -8.8874817e-01
  -3.5574341e-01
  -3.6633301e-01
  -6.8434143e-01
  -4.3669128e-01
  -7.2444153e-01
  -3.5128784e-01
  -6.7694092e-01
  -8.4503174e-02
  -4.7131348e-01
  -5.1507568e-01
  -6.4868164e-01
  -3.2913208e-01
  -6.4595032e-01
  -3.6520386e-01
  -4.1674805e-01
  -3.5548401e-01
  -4.1461182e-01
  -5.0537109e-01
  -2.3806763e-01
  -4.6908569e-01
  -5.4719543e-01
  -4.4454956e-01
  -4.2214966e-01
  -2.3498535e-01
  -1.6891479e-01
  -3.9176941e-01
  -3.3786011e-01
  -6.0935974e-01
  -5.9695435e-01
  -4.7819519e-01
  -5.6741333e-01
  -5.1817322e-01
  -4.5094299e-01
  -4.5877075e-01
  -3.2064819e-01
  -2.5021362e-01
   6.4117432e-02
  -4.8701477e-01
  -9.5855713e-02
  -4.7726440e-01
   3.8336182e-01
  -4.7399902e-01
   1.0360718e-02
   6.3629150e-03
  -2.1362305e-03
  -2.6878357e-01
  -1.5518188e-02
  -6.5963745e-02
  -5.9936523e-02
   4.5364380e-02
   5.3298950e-02
   2.3091125e-01
  -1.0565186e-01
   2.5447083e-01
  -1.1598206e-01
   4.1935730e-01
   5.2713013e-01
   6.5049744e-01
   6.7199707e-02
   9.3067932e-01
   2.8477478e-01
   7.3510742e-01
   5.7276917e-01
   6.1148071e-01
   7.6081848e-01
   4.8912048e-01
   2.8793335e-01
  -3.7384033e-02
   2.9051208e-01
   5.3273010e-01
   3.4922791e-01
   6.1753845e-01
   2.1316528e-02
   6.0025024e-01
   6.3455200e-01
   9.6937561e-01
   6.0415649e-01
   8.2420349e-01
   1.0742645e+00
   7.4967957e-01
   9.2343140e-01
   9.4429016e-01
   6.2835693e-01
   5.0061035e-01
   9.5043945e-01
   2.3077393e-01
   6.1128235e-01
   6.1555481e-01
   4.5585632e-01
   2.3800659e-01
   3.6682129e-01
   4.5541382e-01
   5.8154297e-01
   3.5563660e-01
   2.6515198e-01
   1.6265869e-01
   1.0485840e-01
   2.6911926e-01
   1.7420959e-01
  -9.3658447e-02
   2.8709412e-01
   1.5269470e-01
  -3.7689209e-02
   9.6252441e-02
  -2.7526855e-02
   8.7829590e-02
   1.0446167e-01
  -3.6193848e-02
   1.4587402e-02
  -8.9263916e-02
  -1.0163879e-01
   2.9617310e-02
   2.8590393e-01
   2.2793579e-01
  -9.8587036e-02
   3.2531738e-02
  -7.7850342e-02
  -2.3025513e-02
   2.3797607e-01
   2.4969482e-01
   2.9397583e-01
  -7.2311401e-02
  -1.2832642e-02
   1.2139893e-01
   1.5487671e-02
   1.9567871e-01
  -1.6636658e-01
  -3.5342407e-01
   3.4774780e-02
  -1.1116028e-01
  -2.2526550e-01
  -1.5530396e-01
  -4.2437744e-01
  -2.0298767e-01
  -4.2907715e-02
  -4.6507263e-01
  -3.7077332e-01
  -2.9878235e-01
  -1.5216064e-01
  -2.3468018e-02
   2.1186829e-01
  -3.8545227e-01
  -2.9948425e-01
  -2.8041077e-01
   1.1128235e-01
   2.6484680e-01
  -1.1807251e-01
  -5.2642822e-02
  -2.5546265e-01
  -2.8994751e-01
  -3.8200378e-01
  -4.9028015e-01
  -3.2585144e-01
  -5.9260559e-01
  -4.8892212e-01
  -4.9612427e-01
  -5.2841187e-01
  -4.4317627e-01
  -3.1980896e-01
  -4.7245789e-01
  -4.4949341e-01
  -4.6812439e-01
  -1.5646362e-01
  -2.5462341e-01
  -4.2799377e-01
  -2.2879028e-01
  -4.2405701e-01
  -5.4060364e-01
  -4.4763184e-01
  -4.4819641e-01
  -3.2963562e-01
  -3.5466003e-01
  -3.4991455e-01
  -3.3941650e-01
  -2.3965454e-01
  -2.4838257e-01
  -2.5210571e-01
  -1.5014648e-01
  -4.3365479e-02
   1.7370605e-01
   1.1827087e-01
   3.5736084e-02
   3.9733887e-02
  -5.6915283e-02
  -5.8441162e-02
   2.8771973e-01
   2.3094177e-01
   3.7284851e-01
   3.1242371e-01
   2.7947998e-01
   3.5177612e-01
   4.4931030e-01
   5.9324646e-01
   6.0237122e-01
   5.9912109e-01
   6.7803955e-01
   7.0840454e-01
   6.1654663e-01
