  -4.0466370e-01
  -5.6533325e-01
  -2.1092712e-01
  -3.2315002e-01
  -2.8953918e-01
  -2.3872192e-01
  -3.2642883e-01
  -1.4163940e-01
  -2.0927124e-02
  -7.5715942e-02
  -2.1504395e-01
   5.0848389e-03
  -4.0081177e-02
  -1.4629578e-01
  -8.9822998e-02
  -1.6004395e-01
  -1.2262573e-02
   1.9597778e-02
   1.0278870e-01
  -8.8904419e-02
   5.5926514e-02
   6.9674683e-02
  -3.7457275e-02
   3.2047791e-01
   2.5408691e-01
   2.2451782e-02
   1.1569275e-01
   2.3370422e-01
   2.5882996e-01
   3.2279480e-01
   2.2523010e-01
   2.5526123e-02
   2.0707520e-01
  -1.1270874e-01
  -1.1270874e-01
  -1.7612976e-01
  -1.0075134e-01
  -1.6419434e-01
   6.1589966e-02
   9.7061157e-02
   6.5119019e-02
  -9.3892822e-02
  -1.4147949e-03
   2.2175293e-02
  -3.3856995e-01
  -4.1331299e-01
  -5.9843140e-02
  -4.0224060e-01
  -1.8970337e-02
   1.8903198e-01
  -1.9797913e-01
  -6.5792236e-02
  -1.8533508e-01
  -1.2404053e-01
  -4.0203857e-03
   5.3489990e-02
  -1.0498047e-02
   1.0346436e-01
  -1.2737061e-01
  -4.9581299e-02
  -1.0491516e-01
   1.3356445e-01
  -3.4612976e-01
  -3.0810486e-01
  -3.5438477e-01
  -6.2214966e-02
  -5.2434082e-02
   3.0482178e-02
  -1.3676331e-01
   5.8427124e-02
   1.1851074e-01
  -6.7799072e-02
  -7.1079712e-02
   1.7345215e-01
   2.1109009e-02
  -9.9359131e-02
  -2.1723328e-01
   1.9461060e-02
   1.3596191e-01
   9.4849243e-02
   1.7659058e-01
   2.1172668e-01
   1.1642029e-01
   6.6936035e-02
  -1.0390686e-01
  -3.4097900e-02
  -2.5599121e-01
  -2.8419983e-01
  -2.7393616e-01
  -8.9030151e-02
  -1.1918152e-01
  -1.6111267e-01
  -2.0569458e-02
  -1.1659363e-01
  -2.1788147e-01
  -4.7669678e-02
   1.0110352e-01
   1.4431091e-01
   2.8664490e-01
  -1.4820618e-01
  -1.1942810e-01
   5.4064331e-02
  -1.8703003e-01
  -1.3788147e-01
   9.7678223e-02
  -3.2571350e-01
  -7.1755920e-01
  -5.3973328e-01
  -3.4430420e-01
  -5.1678955e-01
  -6.3276184e-01
  -8.4815063e-02
  -1.1034302e-01
  -4.7321228e-01
  -5.7542114e-01
  -7.4476868e-01
  -6.2906128e-01
  -3.6940308e-02
  -1.7342041e-01
  -7.4223022e-02
  -2.0400452e-01
  -3.1415771e-01
  -1.4888000e-01
  -1.5836731e-01
   7.0718994e-02
  -2.7871887e-01
  -3.8231628e-01
  -2.4898499e-01
   1.0687500e-01
   1.6112976e-01
   5.1442993e-01
   7.1631470e-02
   4.1263306e-01
   2.6666199e-01
   3.2836304e-02
   3.3909973e-01
   1.9974487e-01
   1.3194092e-01
   2.6761047e-01
   4.6767822e-01
   4.9443665e-01
   5.2775085e-01
  -1.2894897e-02
   6.6528809e-01
  -1.1762146e-01
   2.2275391e-02
  -7.1800537e-02
   4.8436157e-01
   5.3593445e-01
   9.0903870e-01
   3.6632751e-01
   2.3787354e-01
   2.8057190e-01
   6.0606689e-01
   3.0993774e-01
   5.9937805e-01
   3.5410645e-01
   3.4071899e-01
   4.6897339e-01
   4.5560120e-01
  -1.5273804e-01
   8.3336792e-02
   4.9908447e-02
  -8.7355347e-02
  -2.5891541e-01
  -2.8936768e-01
   1.1397156e-01
  -1.1180664e-01
   2.0359070e-01
  -3.1332153e-01
  -5.4831787e-01
  -2.5065491e-01
   1.8885742e-01
  -1.1428284e-01
   2.9326782e-01
   1.0226257e-01
  -1.8799561e-01
  -2.6033325e-01
   4.7580017e-01
  -2.8382751e-01
   1.2851440e-01
  -2.8985046e-01
  -8.8415527e-02
  -1.2794128e-01
  -5.5911987e-01
  -7.7746582e-02
   8.3099976e-02
  -2.7332947e-01
  -1.9556702e-01
   3.0206299e-03
   1.1742004e-01
   1.1170593e-01
   2.2577698e-01
   1.7742004e-01
   1.7059326e-03
  -1.4542114e-01
   2.5382935e-01
  -7.1022339e-02
  -3.2558594e-02
   1.5443604e-01
  -2.4732178e-01
   4.1637268e-01
   5.9385193e-01
   6.1003418e-01
   1.2194763e-01
   7.2644653e-02
   1.1569580e-01
  -3.4756287e-01
  -3.3403931e-01
   1.9893311e-01
  -9.1435547e-02
   2.1851440e-01
   3.0206299e-03
   2.6029724e-01
   3.8879578e-01
   6.1584473e-02
   2.2200623e-01
   1.1954163e-01
   1.1239685e-01
   2.5629517e-01
  -3.2756287e-01
  -3.0946777e-01
  -2.0156677e-01
  -6.3111877e-01
   3.2253418e-02
  -2.5582458e-01
  -1.9664673e-01
  -2.1344849e-01
  -5.7995605e-02
   2.4196167e-02
  -4.2426331e-01
  -1.6543579e-01
  -2.7403809e-01
  -4.8138184e-01
  -1.4631775e-01
  -4.9242493e-01
  -2.9638367e-01
  -5.7804565e-02
  -5.3523499e-01
  -6.9544067e-02
  -2.4934937e-01
  -5.1183838e-01
  -2.1355774e-01
  -5.5877014e-01
  -2.7403931e-01
  -3.9890930e-01
  -5.3318237e-01
  -4.2738525e-01
  -2.9406738e-01
  -3.8384216e-01
  -4.7453857e-01
  -4.4487305e-01
  -5.1213928e-01
  -3.1288757e-01
  -9.1933105e-01
  -4.0596191e-01
  -4.0288757e-01
  -2.2760742e-01
  -2.8185791e-01
  -2.7689636e-01
   7.3782959e-02
   1.5812073e-01
   1.2626770e-01
  -4.5604858e-02
   1.7974670e-01
   3.1273926e-01
   1.2158447e-01
   5.9666748e-02
   8.2058716e-02
   3.9256226e-01
   3.4851440e-01
  -5.4116821e-02
   2.0399292e-01
   3.2998169e-01
   1.0552246e-01
   5.0188171e-01
   2.5302063e-01
   1.5636597e-02
   5.5383301e-02
   2.4106445e-01
   4.1542419e-01
   3.7476624e-01
   2.8203125e-02
   2.2127075e-02
   3.0136047e-01
   1.6595093e-01
  -7.4209595e-02
   4.2083801e-01
   1.7072571e-01
   3.7687866e-01
   2.5436890e-01
   6.1199341e-02
   1.5594421e-01
   8.6172485e-02
   9.8977661e-02
   1.5290894e-01
   2.1413696e-01
   4.5629517e-01
   3.9742004e-01
   3.4309998e-01
   3.8256226e-01
   4.4830383e-01
   4.9650085e-01
   6.8653503e-01
   6.4822876e-01
   4.8570862e-01
   4.6623169e-01
   3.3136047e-01
   1.5856445e-01
   9.1411987e-01
   2.6682983e-01
   4.7912659e-01
   7.4993286e-01
   5.5965698e-01
   3.5786926e-01
   6.7500366e-01
   2.3051392e-01
   1.4986694e-01
   1.3421997e-01
  -3.0001343e-01
   4.1955566e-03
  -2.5444519e-01
   6.9269165e-01
  -6.0700073e-02
  -3.1068726e-02
   1.1993408e-03
  -1.1764160e-01
   1.4768372e-01
   2.5383301e-02
   3.4521484e-03
   6.0717163e-02
  -4.0951721e-01
  -7.7344360e-02
  -2.9298706e-02
  -3.4808350e-02
  -4.0453857e-01
  -4.6131775e-01
  -1.7348022e-01
  -2.2874329e-01
   1.6318359e-02
  -1.7355774e-01
  -1.2664673e-01
  -7.0816040e-02
  -2.3992371e-01
  -9.3038330e-02
  -7.9730225e-01
  -5.4348328e-01
  -5.8288147e-01
  -4.2267517e-01
  -2.2706726e-01
  -8.5421143e-02
  -2.6643066e-01
  -2.4420959e-01
  -5.1561218e-01
  -2.7299866e-01
  -1.8229492e-01
  -6.4318237e-01
  -2.4085388e-01
  -6.0059082e-01
  -6.0059082e-01
  -3.9698853e-01
  -3.1245483e-01
  -7.6235596e-01
  -9.7546021e-01
  -3.8234680e-01
  -4.1051453e-01
  -7.3063965e-01
  -5.1530762e-01
  -7.7570984e-01
  -4.4523499e-01
  -7.1167969e-01
  -1.2467407e-01
  -5.2580811e-01
  -5.9300781e-01
  -7.0355347e-01
  -4.3613342e-01
  -6.9444519e-01
  -4.0706116e-01
  -4.8489197e-01
  -4.4755920e-01
  -4.7858582e-01
  -6.2049805e-01
  -2.9586304e-01
  -5.1507629e-01
  -6.2348022e-01
  -5.3683105e-01
  -5.0081604e-01
  -3.6453003e-01
  -2.4279114e-01
  -4.3794128e-01
  -4.2883728e-01
  -7.0466064e-01
  -6.8597961e-01
  -6.1529114e-01
  -6.5106873e-01
  -5.5971985e-01
  -5.6232483e-01
  -5.6361206e-01
  -4.1588196e-01
  -3.9139709e-01
   7.0322876e-02
  -5.8751953e-01
  -2.1353760e-01
  -5.8586304e-01
   2.7590210e-01
  -6.2495178e-01
   1.3851929e-02
  -1.0717651e-01
  -1.3224243e-01
  -3.6982727e-01
  -1.3018372e-01
  -2.2128418e-01
  -6.6077271e-02
  -7.7669678e-02
  -8.4257202e-02
   1.2247314e-01
  -2.2524963e-01
   9.5850830e-02
  -1.2755859e-01
   2.9009399e-01
   3.8290222e-01
   5.4789978e-01
  -5.5590820e-02
   7.7348999e-01
   2.6759460e-01
   6.0259033e-01
   4.2614197e-01
   4.9822876e-01
   6.6676208e-01
   4.6983093e-01
   1.3518066e-01
  -1.7062195e-01
   1.4412537e-01
   4.2434204e-01
   2.6587952e-01
   6.0783325e-01
  -1.3445129e-01
   4.6791443e-01
   5.0277527e-01
   8.2545715e-01
   5.0113586e-01
   8.1530334e-01
   9.3744995e-01
   6.0911560e-01
   8.0473328e-01
   8.1454895e-01
   5.4215332e-01
   5.0468201e-01
   8.2401245e-01
   1.0318726e-01
   4.9532715e-01
   5.0118103e-01
   3.8740051e-01
   2.6233398e-01
   2.5997314e-01
   3.3030090e-01
   4.8187073e-01
   2.5717957e-01
   2.2476440e-01
   1.9676880e-01
   2.0808716e-02
   1.5951660e-01
   9.7783813e-02
  -1.6777039e-01
   2.7288269e-01
   2.1828125e-01
  -9.1213989e-02
   9.5050049e-03
  -7.8569946e-02
   4.0260010e-02
   1.1834900e-01
   5.7542725e-02
  -4.7260132e-02
  -1.0789978e-01
  -1.5062317e-01
   1.5538330e-02
   3.4451782e-01
   3.4712158e-01
  -1.2789978e-01
   4.3922729e-02
  -1.0371460e-01
  -6.0400391e-03
   3.2858521e-01
   4.0082031e-01
   2.9553467e-01
  -7.6535645e-02
   2.5365601e-02
   1.7610718e-01
   1.4446045e-01
   3.8428833e-01
  -1.2616394e-01
  -3.2790039e-01
   1.0555359e-01
  -2.3032227e-02
  -5.1301270e-02
   5.5327148e-02
  -3.4844543e-01
  -1.5011169e-01
  -2.5994873e-03
  -3.3888062e-01
  -1.6002686e-01
  -6.2599487e-02
  -4.3032227e-02
   6.3876343e-02
   2.7041931e-01
  -2.2766602e-01
  -6.6441650e-02
  -2.6259766e-02
   2.4706116e-01
   3.7421814e-01
  -3.1217651e-02
   1.1903198e-01
  -2.0996094e-04
  -2.6617432e-02
  -2.2363342e-01
  -3.7468018e-01
  -2.3446167e-01
  -4.1599915e-01
  -2.2969910e-01
  -2.4365540e-01
  -3.7347717e-01
  -3.2491821e-01
  -2.2525757e-01
  -3.4061401e-01
  -2.0690491e-01
  -2.4782349e-01
  -1.1846313e-02
  -1.4881897e-01
  -3.5284424e-01
  -1.1711121e-01
  -2.1977600e-01
  -3.8525757e-01
  -3.4057983e-01
  -3.9003357e-01
  -2.9599365e-01
  -2.8644165e-01
  -2.1810120e-01
  -2.7338379e-01
  -1.9973511e-01
  -2.6494141e-01
  -2.9389282e-01
  -1.6841003e-01
  -2.5120239e-02
   9.4861450e-02
   5.0895386e-02
  -9.3097534e-02
  -1.1154114e-01
  -1.9695557e-01
  -1.4533081e-01
   1.6450195e-02
   5.6817627e-03
   7.4400635e-02
  -1.4672852e-03
  -3.6060181e-02
   1.1077393e-01
   1.1777100e-01
   1.4786438e-01
   8.5794678e-02
   6.8967285e-02
   1.2266602e-01
   2.4130615e-01
   3.6124268e-02
