   1.9533630e-01
   1.4666748e-02
   3.4907288e-01
   2.0684998e-01
   2.1046082e-01
   2.4127808e-01
   1.7357117e-01
   3.3836060e-01
   4.4907288e-01
   3.6428406e-01
   2.1495605e-01
   4.1508484e-01
   3.5991882e-01
   2.5370422e-01
   3.0017700e-01
   2.0995605e-01
   3.4773743e-01
   3.6959778e-01
   4.4278870e-01
   2.3109558e-01
   3.7592651e-01
   3.7967468e-01
   2.6254272e-01
   6.2047791e-01
   5.4408691e-01
   2.8245178e-01
   3.7569275e-01
   4.8370422e-01
   5.0882996e-01
   5.6279480e-01
   4.5523010e-01
   2.4552612e-01
   4.1707520e-01
   9.7291260e-02
   8.7291260e-02
   2.3870239e-02
   8.9248657e-02
   1.5805664e-02
   2.3158997e-01
   2.6706116e-01
   2.3511902e-01
   6.6107178e-02
   1.5858521e-01
   1.8217529e-01
  -1.9856995e-01
  -2.7331299e-01
   7.0156860e-02
  -2.6224060e-01
   1.1102966e-01
   3.1903198e-01
  -7.7979126e-02
   5.4207764e-02
  -6.5335083e-02
  -1.4040527e-02
   1.1597961e-01
   1.6348999e-01
   8.9501953e-02
   2.1346436e-01
  -2.7370605e-02
   4.0418701e-02
  -4.9151611e-03
   2.2356445e-01
  -2.5612976e-01
  -2.1810486e-01
  -2.7438477e-01
   1.7785034e-02
   2.7565918e-02
   1.0048218e-01
  -6.6763306e-02
   1.1842712e-01
   1.8851074e-01
  -7.7990723e-03
  -2.1079712e-02
   2.3345215e-01
   8.1109009e-02
  -4.9359131e-02
  -1.6723328e-01
   5.9461060e-02
   1.6596191e-01
   1.2484924e-01
   1.9659058e-01
   2.4172668e-01
   1.3642029e-01
   7.6936035e-02
  -9.3906860e-02
  -3.4097900e-02
  -2.6599121e-01
  -2.7419983e-01
  -2.6393616e-01
  -8.9030151e-02
  -1.2918152e-01
  -1.8111267e-01
  -4.0569458e-02
  -1.1659363e-01
  -2.2788147e-01
  -6.7669678e-02
   7.1103516e-02
   1.1431091e-01
   2.3664490e-01
  -1.6820618e-01
  -1.4942810e-01
   1.4064331e-02
  -2.2703003e-01
  -1.8788147e-01
   4.7678223e-02
  -3.5571350e-01
  -7.5755920e-01
  -5.8973328e-01
  -4.0430420e-01
  -5.8678955e-01
  -7.0276184e-01
  -1.2481506e-01
  -1.7034302e-01
  -5.4321228e-01
  -6.4542114e-01
  -8.1476868e-01
  -7.0906128e-01
  -9.6940308e-02
  -2.3342041e-01
  -1.4422302e-01
  -2.7400452e-01
  -3.9415771e-01
  -2.3888000e-01
  -2.2836731e-01
  -1.9281006e-02
  -3.4871887e-01
  -4.5231628e-01
  -3.2898499e-01
   2.6875000e-02
   8.1129761e-02
   4.4442993e-01
  -8.3685303e-03
   3.4263306e-01
   1.9666199e-01
  -4.7163696e-02
   2.6909973e-01
   1.2974487e-01
   6.1940918e-02
   1.9761047e-01
   3.9767822e-01
   4.2443665e-01
   4.6775085e-01
  -7.2894897e-02
   6.0528809e-01
  -1.7762146e-01
  -2.7724609e-02
  -1.2180054e-01
   4.2436157e-01
   4.8593445e-01
   8.4903870e-01
   3.1632751e-01
   1.8787354e-01
   2.4057190e-01
   5.6606689e-01
   2.6993774e-01
   5.5937805e-01
   3.1410645e-01
   3.0071899e-01
   4.3897339e-01
   4.2560120e-01
  -1.8273804e-01
   6.3336792e-02
   1.9908447e-02
  -1.0735535e-01
  -2.7891541e-01
  -2.9936768e-01
   9.3971558e-02
  -1.2180664e-01
   1.9359070e-01
  -3.2332153e-01
  -5.4831787e-01
  -2.6065491e-01
   1.7885742e-01
  -1.1428284e-01
   2.8326782e-01
   1.0226257e-01
  -1.8799561e-01
  -2.5033325e-01
   4.6580017e-01
  -2.6382751e-01
   1.2851440e-01
  -2.5985046e-01
  -7.8415527e-02
  -1.1794128e-01
  -5.3911987e-01
  -4.7746582e-02
   9.3099976e-02
  -2.3332947e-01
  -1.7556702e-01
   2.3020630e-02
   1.4742004e-01
   1.3170593e-01
   2.5577698e-01
   1.8742004e-01
   4.1705933e-02
  -1.2542114e-01
   2.8382935e-01
  -5.1022339e-02
   7.4414062e-03
   1.7443604e-01
  -1.9732178e-01
   4.3637268e-01
   6.2385193e-01
   6.3003418e-01
   1.6194763e-01
   9.2644653e-02
   1.6569580e-01
  -3.2756287e-01
  -3.0403931e-01
   2.0893311e-01
  -5.1435547e-02
   2.3851440e-01
   5.3020630e-02
   2.8029724e-01
   4.1879578e-01
   7.1584473e-02
   2.6200623e-01
   1.2954163e-01
   1.5239685e-01
   2.7629517e-01
  -2.9756287e-01
  -3.0946777e-01
  -1.7156677e-01
  -6.2111877e-01
   6.2253418e-02
  -2.4582458e-01
  -1.7664673e-01
  -2.2344849e-01
  -3.7995605e-02
   2.4196167e-02
  -3.9426331e-01
  -1.5543579e-01
  -2.6403809e-01
  -5.0138184e-01
  -1.3631775e-01
  -5.0242493e-01
  -2.7638367e-01
  -5.7804565e-02
  -5.1523499e-01
  -6.9544067e-02
  -2.4934937e-01
  -5.3183838e-01
  -2.1355774e-01
  -5.6877014e-01
  -2.6403931e-01
  -4.0890930e-01
  -5.3318237e-01
  -4.5738525e-01
  -3.0406738e-01
  -4.1384216e-01
  -4.8453857e-01
  -4.6487305e-01
  -5.4213928e-01
  -3.5288757e-01
  -9.3933105e-01
  -4.4596191e-01
  -4.2288757e-01
  -2.6760742e-01
  -3.2185791e-01
  -3.3689636e-01
   4.3782959e-02
   1.0812073e-01
   9.6267700e-02
  -9.5604858e-02
   1.2974670e-01
   2.4273926e-01
   8.1584473e-02
  -1.0333252e-02
   4.2058716e-02
   3.2256226e-01
   2.8851440e-01
  -1.4411682e-01
   1.4399292e-01
   2.4998169e-01
   4.5522461e-02
   4.2188171e-01
   1.7302063e-01
  -8.4363403e-02
  -2.4616699e-02
   1.4106445e-01
   3.3542419e-01
   2.8476624e-01
  -6.1796875e-02
  -8.7872925e-02
   2.1136047e-01
   5.5950928e-02
  -1.6420959e-01
   3.2083801e-01
   7.0725708e-02
   2.5687866e-01
   1.5436890e-01
  -4.8800659e-02
   5.5944214e-02
  -2.3827515e-02
  -1.0223389e-03
   3.2908936e-02
   9.4136963e-02
   3.3629517e-01
   2.7742004e-01
   2.2309998e-01
   2.7256226e-01
   3.2830383e-01
   3.7650085e-01
   5.5653503e-01
   5.2822876e-01
   3.5570862e-01
   3.3623169e-01
   2.0136047e-01
   2.8564453e-02
   7.7411987e-01
   1.4682983e-01
   3.4912659e-01
   6.1993286e-01
   4.2965698e-01
   2.2786926e-01
   5.4500366e-01
   1.0051392e-01
   1.9866943e-02
   4.2199707e-03
  -4.3001343e-01
  -1.2580444e-01
  -3.9444519e-01
   5.6269165e-01
  -1.9070007e-01
  -1.6106873e-01
  -1.2880066e-01
  -2.4764160e-01
   2.7683716e-02
  -9.4616699e-02
  -1.1654785e-01
  -6.9282837e-02
  -5.3951721e-01
  -1.9734436e-01
  -1.4929871e-01
  -1.5480835e-01
  -5.2453857e-01
  -5.8131775e-01
  -2.9348022e-01
  -3.3874329e-01
  -9.3681641e-02
  -2.9355774e-01
  -2.3664673e-01
  -1.8081604e-01
  -3.3992371e-01
  -1.9303833e-01
  -8.9730225e-01
  -6.4348328e-01
  -6.7288147e-01
  -5.2267517e-01
  -3.1706726e-01
  -1.7542114e-01
  -3.5643066e-01
  -3.2420959e-01
  -5.9561218e-01
  -3.5299866e-01
  -2.6229492e-01
  -7.3318237e-01
  -3.1085388e-01
  -6.7059082e-01
  -6.6059082e-01
  -4.5698853e-01
  -3.6245483e-01
  -8.2235596e-01
  -1.0254602e+00
  -4.2234680e-01
  -4.5051453e-01
  -7.7063965e-01
  -5.4530762e-01
  -8.1570984e-01
  -4.7523499e-01
  -7.3167969e-01
  -1.4467407e-01
  -5.4580811e-01
  -6.1300781e-01
  -7.2355347e-01
  -4.3613342e-01
  -6.9444519e-01
  -4.0706116e-01
  -4.8489197e-01
  -4.2755920e-01
  -4.7858582e-01
  -6.0049805e-01
  -2.7586304e-01
  -4.8507629e-01
  -6.0348022e-01
  -4.9683105e-01
  -4.7081604e-01
  -3.1453003e-01
  -1.9279114e-01
  -3.7794128e-01
  -3.7883728e-01
  -6.4466064e-01
  -6.2597961e-01
  -5.4529114e-01
  -5.8106873e-01
  -4.7971985e-01
  -4.8232483e-01
  -4.7361206e-01
  -3.3588196e-01
  -3.0139709e-01
   1.6032288e-01
  -4.8751953e-01
  -1.1353760e-01
  -4.7586304e-01
   3.8590210e-01
  -5.1495178e-01
   1.2385193e-01
   1.2823486e-02
  -1.2242432e-02
  -2.4982727e-01
  -1.8371582e-04
  -9.1284180e-02
   6.3922729e-02
   6.2330322e-02
   5.5742798e-02
   2.7247314e-01
  -7.5249634e-02
   2.4585083e-01
   2.2441406e-02
   4.4009399e-01
   5.3290222e-01
   7.0789978e-01
   1.0440918e-01
   9.2348999e-01
   4.2759460e-01
   7.6259033e-01
   5.8614197e-01
   6.5822876e-01
   8.2676208e-01
   6.3983093e-01
   2.9518066e-01
  -6.2194824e-04
   3.1412537e-01
   5.8434204e-01
   4.2587952e-01
   7.6783325e-01
   3.5548706e-02
   6.2791443e-01
   6.7277527e-01
   9.9545715e-01
   6.7113586e-01
   9.8530334e-01
   1.0974500e+00
   7.7911560e-01
   9.6473328e-01
   9.7454895e-01
   7.0215332e-01
   6.6468201e-01
   9.7401245e-01
   2.5318726e-01
   6.5532715e-01
   6.5118103e-01
   5.3740051e-01
   4.1233398e-01
   3.9997314e-01
   4.8030090e-01
   6.2187073e-01
   3.9717957e-01
   3.5476440e-01
   3.3676880e-01
   1.5080872e-01
   2.9951660e-01
   2.2778381e-01
  -3.7770386e-02
   3.9288269e-01
   3.3828125e-01
   2.8786011e-02
   1.3950500e-01
   4.1430054e-02
   1.6026001e-01
   2.3834900e-01
   1.6754272e-01
   6.2739868e-02
  -7.8997803e-03
  -4.0623169e-02
   1.1553833e-01
   4.4451782e-01
   4.4712158e-01
  -2.7899780e-02
   1.3392273e-01
  -3.7145996e-03
   9.3959961e-02
   4.2858521e-01
   4.9082031e-01
   3.8553467e-01
   1.3464355e-02
   1.1536560e-01
   2.6610718e-01
   2.3446045e-01
   4.6428833e-01
  -4.6163940e-02
  -2.4790039e-01
   1.9555359e-01
   6.6967773e-02
   2.8698730e-02
   1.3532715e-01
  -2.7844543e-01
  -7.0111694e-02
   6.7400513e-02
  -2.5888062e-01
  -9.0026855e-02
   7.4005127e-03
   2.6967773e-02
   1.2387634e-01
   3.4041931e-01
  -1.5766602e-01
   1.3558350e-02
   4.3740234e-02
   3.1706116e-01
   4.3421814e-01
   1.8782349e-02
   1.9903198e-01
   7.9790039e-02
   4.3382568e-02
  -1.6363342e-01
  -3.0468018e-01
  -1.7446167e-01
  -3.2599915e-01
  -1.3969910e-01
  -1.6365540e-01
  -2.9347717e-01
  -2.5491821e-01
  -1.6525757e-01
  -2.8061401e-01
  -1.0690491e-01
  -1.5782349e-01
   7.8153687e-02
  -6.8818970e-02
  -2.8284424e-01
  -4.7111206e-02
  -9.9776001e-02
  -2.6525757e-01
  -2.3057983e-01
  -2.8003357e-01
  -1.9599365e-01
  -1.9644165e-01
  -6.8101196e-02
  -1.3338379e-01
  -4.9735107e-02
  -1.1494141e-01
  -1.4389282e-01
  -1.8410034e-02
   1.2487976e-01
   3.0486145e-01
   2.6089539e-01
   1.2690247e-01
   1.1845886e-01
   3.3044434e-02
   9.4669189e-02
   3.1645020e-01
   3.0568176e-01
   4.0440063e-01
   3.4853271e-01
   3.2393982e-01
   4.8077393e-01
   5.0777100e-01
   5.8786438e-01
   5.6579468e-01
   5.7896729e-01
   6.6266602e-01
   8.0130615e-01
   6.2612427e-01
