   3.4576416e-02
  -1.5252686e-01
   3.6178589e-02
   3.3569336e-03
   1.1398315e-02
  -6.8206787e-02
   4.5272827e-02
   2.1484375e-01
   2.0605469e-01
   2.1325684e-01
   7.7575684e-02
   1.7945862e-01
   1.0195923e-01
   1.6067505e-01
   1.0876465e-01
   9.4741821e-02
   2.5627136e-01
   1.9143677e-01
   2.3745728e-01
   1.5524292e-01
   2.2546387e-01
   2.8047180e-01
   1.9132996e-01
   4.7355652e-01
   3.7115479e-01
   2.1051025e-01
   2.4809265e-01
   3.9392090e-01
   4.5234680e-01
   4.4102478e-01
   3.0690002e-01
   1.6415405e-01
   2.9685974e-01
   2.6702881e-03
   3.0120850e-02
  -8.8775635e-02
  -4.9697876e-02
  -7.8308105e-02
   1.1338806e-01
   1.6130066e-01
   1.7198181e-01
  -4.3243408e-02
   2.1652222e-02
   4.3899536e-02
  -3.2215881e-01
  -3.9036560e-01
  -6.0729980e-03
  -3.8618469e-01
  -3.4545898e-02
   1.7250061e-01
  -2.0794678e-01
  -9.0347290e-02
  -1.6580200e-01
  -1.4396667e-01
  -4.5516968e-02
  -3.4637451e-03
  -5.4031372e-02
   4.7256470e-02
  -1.4898682e-01
  -1.0311890e-01
  -1.7735291e-01
   4.3838501e-02
  -4.0823364e-01
  -4.0008545e-01
  -4.1198730e-01
  -1.3478088e-01
  -1.5071106e-01
  -8.6425781e-02
  -2.2233582e-01
  -6.3400269e-02
   4.0222168e-02
  -1.6465759e-01
  -1.9012451e-01
   4.3182373e-02
  -7.2784424e-02
  -2.3509216e-01
  -3.1927490e-01
  -9.5169067e-02
   1.3275146e-03
  -5.4748535e-02
  -3.8421631e-02
   5.8105469e-02
  -5.5389404e-03
  -6.3934326e-02
  -2.3892212e-01
  -1.9383240e-01
  -4.8937988e-01
  -4.4970703e-01
  -4.0170288e-01
  -2.1937561e-01
  -2.5930786e-01
  -3.2850647e-01
  -2.5535583e-01
  -2.7792358e-01
  -3.5429382e-01
  -1.8237305e-01
  -3.8833618e-02
  -1.3336182e-02
   4.7348022e-02
  -3.0929565e-01
  -2.5869751e-01
  -7.9742432e-02
  -3.1138611e-01
  -2.8994751e-01
  -1.2927246e-01
  -4.8175049e-01
  -8.5382080e-01
  -6.6731262e-01
  -4.5767212e-01
  -6.5747070e-01
  -8.5063171e-01
  -2.2700500e-01
  -2.3765564e-01
  -5.8908081e-01
  -6.7230225e-01
  -8.5823059e-01
  -8.3242798e-01
  -1.7041016e-01
  -2.8576660e-01
  -1.7401123e-01
  -2.7888489e-01
  -4.1456604e-01
  -3.2849121e-01
  -2.7804565e-01
  -1.0809326e-01
  -3.8104248e-01
  -4.5808411e-01
  -3.0625916e-01
   3.4225464e-02
   9.3536377e-03
   4.3046570e-01
  -7.5958252e-02
   3.5444641e-01
   2.4153137e-01
  -1.4907837e-02
   2.2409058e-01
   1.2931824e-01
   2.0614624e-02
   2.2486877e-01
   4.6263123e-01
   4.7856140e-01
   4.4479370e-01
  -6.3400269e-02
   5.8538818e-01
  -1.4001465e-01
   5.1910400e-02
  -5.0979614e-02
   4.2991638e-01
   5.1177979e-01
   8.5902405e-01
   3.7026978e-01
   2.8802490e-01
   3.3406067e-01
   5.8656311e-01
   3.0860901e-01
   5.8441162e-01
   3.8047791e-01
   4.1723633e-01
   5.5108643e-01
   4.6829224e-01
  -1.3465881e-01
   1.0964966e-01
   9.4863892e-02
   2.1469116e-02
  -1.5213013e-01
  -2.3995972e-01
   1.4808655e-01
  -5.7113647e-02
   2.7339172e-01
  -1.8624878e-01
  -4.1081238e-01
  -1.7729187e-01
   2.4571228e-01
  -2.6702881e-02
   3.7423706e-01
   2.5364685e-01
  -3.3691406e-02
  -1.5672302e-01
   5.4212952e-01
  -1.6624451e-01
   2.2705078e-01
  -1.3632202e-01
   8.2763672e-02
   4.9270630e-02
  -4.2897034e-01
   6.6070557e-02
   1.9569397e-01
  -9.6527100e-02
  -7.2937012e-03
   1.9927979e-01
   2.7032471e-01
   2.3490906e-01
   3.9207458e-01
   3.6840820e-01
   1.9802856e-01
   6.6055298e-02
   4.2576599e-01
   5.9402466e-02
   1.5249634e-01
   3.5441589e-01
  -3.5202026e-02
   6.3928223e-01
   7.8105164e-01
   7.4403381e-01
   3.2199097e-01
   2.7790833e-01
   3.3996582e-01
  -1.1737061e-01
  -1.3533020e-01
   3.2398987e-01
   1.1941528e-01
   4.2514038e-01
   2.3541260e-01
   4.9452209e-01
   5.9484863e-01
   1.8414307e-01
   4.4091797e-01
   3.2453918e-01
   3.4017944e-01
   4.9089050e-01
  -1.1712646e-01
  -1.9247437e-01
   2.0889282e-02
  -4.3156433e-01
   2.6144409e-01
  -2.4276733e-02
   1.3717651e-02
  -1.0508728e-01
   1.5504456e-01
   2.1482849e-01
  -1.9735718e-01
   5.9204102e-02
  -7.6904297e-02
  -3.8452148e-01
   6.3308716e-02
  -3.1408691e-01
  -7.4508667e-02
   1.5638733e-01
  -3.4204102e-01
   1.2037659e-01
  -4.6737671e-02
  -3.4916687e-01
  -1.0742188e-02
  -3.5855103e-01
  -9.0469360e-02
  -2.1992493e-01
  -3.4117126e-01
  -2.8366089e-01
  -1.0336304e-01
  -2.1102905e-01
  -3.1427002e-01
  -2.8045654e-01
  -3.4422302e-01
  -1.9134521e-01
  -7.4420166e-01
  -2.4395752e-01
  -2.5906372e-01
  -8.1512451e-02
  -1.3166809e-01
  -1.8069458e-01
   2.3016357e-01
   2.9594421e-01
   2.5028992e-01
   7.8582764e-02
   3.0879211e-01
   3.9047241e-01
   2.5601196e-01
   1.7015076e-01
   1.8310547e-01
   4.9137878e-01
   4.6307373e-01
  -7.9040527e-03
   3.1344604e-01
   4.1958618e-01
   1.8040466e-01
   5.8157349e-01
   3.3950806e-01
   3.7322998e-02
   1.3655090e-01
   2.9672241e-01
   4.6102905e-01
   4.3191528e-01
   9.3353271e-02
   1.6357422e-02
   3.6126709e-01
   1.9480896e-01
  -5.0949097e-02
   4.5201111e-01
   2.1150208e-01
   3.5075378e-01
   2.9003906e-01
   6.9885254e-02
   1.5411377e-01
   8.7951660e-02
   1.0043335e-01
   1.6554260e-01
   2.2286987e-01
   4.4143677e-01
   3.6703491e-01
   3.2255554e-01
   3.6566162e-01
   4.3986511e-01
   4.8516846e-01
   6.4547729e-01
   5.9698486e-01
   4.3875122e-01
   4.1842651e-01
   2.9869080e-01
   1.2390137e-01
   8.4391785e-01
   2.0120239e-01
   4.1288757e-01
   6.8769836e-01
   5.0967407e-01
   3.0738831e-01
   5.9230042e-01
   1.3806152e-01
   6.0699463e-02
   5.5160522e-02
  -3.7033081e-01
  -6.5322876e-02
  -3.6141968e-01
   5.9068298e-01
  -1.6481018e-01
  -1.2966919e-01
  -8.2427979e-02
  -1.9799805e-01
   3.2562256e-02
  -8.8821411e-02
  -1.1981201e-01
  -5.0079346e-02
  -5.0991821e-01
  -1.6165161e-01
  -1.6465759e-01
  -1.6384888e-01
  -5.3862000e-01
  -5.7748413e-01
  -2.8230286e-01
  -3.1962585e-01
  -1.2118530e-01
  -3.0996704e-01
  -2.7503967e-01
  -1.9374084e-01
  -3.5054016e-01
  -1.8309021e-01
  -9.4015503e-01
  -6.7974854e-01
  -7.2833252e-01
  -5.4542542e-01
  -3.4211731e-01
  -1.8354797e-01
  -3.5815430e-01
  -3.7277222e-01
  -6.7082214e-01
  -3.8798523e-01
  -2.9438782e-01
  -7.4789429e-01
  -3.2672119e-01
  -7.2380066e-01
  -7.4812317e-01
  -5.0657654e-01
  -4.1333008e-01
  -8.5614014e-01
  -1.0471344e+00
  -4.9250793e-01
  -5.5284119e-01
  -8.2637024e-01
  -6.0900879e-01
  -8.6096191e-01
  -5.0660706e-01
  -8.1106567e-01
  -2.6419067e-01
  -6.1067200e-01
  -6.8106079e-01
  -7.8257751e-01
  -4.7877502e-01
  -7.7519226e-01
  -5.3509521e-01
  -5.5105591e-01
  -5.1228333e-01
  -5.4360962e-01
  -6.4668274e-01
  -3.6012268e-01
  -6.2570190e-01
  -6.7393494e-01
  -5.8944702e-01
  -5.4400635e-01
  -3.6558533e-01
  -2.8173828e-01
  -5.3225708e-01
  -4.5483398e-01
  -7.3910522e-01
  -7.0938110e-01
  -5.9518433e-01
  -6.6844177e-01
  -6.3964844e-01
  -5.5586243e-01
  -5.7098389e-01
  -4.2149353e-01
  -3.5134888e-01
  -2.9571533e-02
  -5.7435608e-01
  -1.8655396e-01
  -5.6904602e-01
   2.9618835e-01
  -5.5705261e-01
  -7.0602417e-02
  -6.5353394e-02
  -7.6614380e-02
  -3.3857727e-01
  -8.6837769e-02
  -1.2854004e-01
  -1.2644958e-01
  -8.9721680e-03
  -2.8381348e-03
   1.8542480e-01
  -1.5959167e-01
   2.1348572e-01
  -1.6610718e-01
   3.8392639e-01
   4.9040222e-01
   6.3099670e-01
   3.1890869e-02
   9.1308594e-01
   2.5189209e-01
   7.1989441e-01
   5.5700684e-01
   5.9602356e-01
   7.6849365e-01
   4.7496033e-01
   2.9487610e-01
  -3.1433105e-02
   2.9670715e-01
   5.3875732e-01
   3.8490295e-01
   6.2301636e-01
   5.3512573e-02
   6.0411072e-01
   6.6232300e-01
   9.9821472e-01
   6.3192749e-01
   8.4985352e-01
   1.1319122e+00
   7.6770020e-01
   9.7319031e-01
   9.9595642e-01
   6.7807007e-01
   5.4696655e-01
   1.0332794e+00
   2.6306152e-01
   6.8243408e-01
   6.8980408e-01
   5.2728271e-01
   3.0421448e-01
   4.7355652e-01
   5.0158691e-01
   6.7402649e-01
   4.5167542e-01
   3.5755920e-01
   2.4800110e-01
   2.3471069e-01
   3.2913208e-01
   2.8605652e-01
   2.2460938e-02
   3.9880371e-01
   2.5657654e-01
   1.1265564e-01
   1.6886902e-01
   1.0227966e-01
   2.2262573e-01
   2.3411560e-01
   8.4075928e-02
   9.8846436e-02
   5.5603027e-02
  -5.1925659e-02
   1.8003845e-01
   4.3058777e-01
   3.6213684e-01
  -4.5623779e-03
   1.8904114e-01
  -2.2399902e-02
   1.3948059e-01
   3.9428711e-01
   3.9469910e-01
   3.9553833e-01
  -1.2405396e-02
   1.5115356e-01
   2.9164124e-01
   1.7922974e-01
   3.4759521e-01
  -5.9951782e-02
  -2.9066467e-01
   2.0106506e-01
   6.1523438e-02
  -5.9158325e-02
  -1.1901855e-03
  -3.1640625e-01
  -1.3929749e-01
  -1.9149780e-02
  -2.9621887e-01
  -2.0829773e-01
  -1.4805603e-01
  -4.6615601e-02
   3.8818359e-02
   2.3509216e-01
  -2.2769165e-01
  -1.4794922e-01
  -1.3957214e-01
   2.0994568e-01
   3.2295227e-01
  -9.6405029e-02
   8.5525513e-02
  -1.2249756e-01
  -1.6658020e-01
  -2.9557800e-01
  -4.3930054e-01
  -3.0683899e-01
  -4.8367310e-01
  -3.8407898e-01
  -3.9884949e-01
  -4.6022034e-01
  -4.0295410e-01
  -3.0480957e-01
  -4.5733643e-01
  -3.8327026e-01
  -4.0663147e-01
  -1.1337280e-01
  -2.2917175e-01
  -4.1853333e-01
  -2.1923828e-01
  -4.0916443e-01
  -5.2592468e-01
  -4.3788147e-01
  -4.4244385e-01
  -3.2748413e-01
  -3.5237122e-01
  -3.9891052e-01
  -3.8485718e-01
  -2.7140808e-01
  -2.6710510e-01
  -2.5909424e-01
  -1.5716553e-01
  -3.9230347e-02
   5.6564331e-02
   3.6315918e-02
  -1.2603760e-02
   2.1713257e-02
  -7.5088501e-02
  -4.7515869e-02
   8.2778931e-02
   8.7463379e-02
   2.8823853e-01
   2.8086853e-01
   2.4766541e-01
   3.7103271e-01
   4.1268921e-01
   3.7541199e-01
   4.7389221e-01
   5.5116272e-01
   6.2971497e-01
   7.3727417e-01
   5.6095886e-01
