-0.298115
0.322883
-0.302442
-0.175875
0.0364069
-0.168273
-0.243355
0.156142
-0.184906
-0.0921716
0.131489
-0.154149
-0.322523
0.0795886
-0.659418
-0.110593
-0.174399
-0.330062
0.281476
-0.163936
0.244152
0.660128
0.761835
0.410493
0.639589
0.163766
0.0436346
-0.0915363
-0.495084
-0.600033
0.0343066
0.00623169
0.206535
-0.0397766
-0.253612
-0.403137
-0.131993
0.0227118
-0.397642
-0.153612
-0.0502533
-0.0319928
-0.138448
-0.116708
-0.241382
0.159263
1.01664
0.343829
0.204766
0.3653
0.250223
0.737366
0.330297
0.333446
0.355424
-0.0150842
0.198193
0.152397
-0.00654785
-0.189938
-0.0742096
0.30136
0.0282031
0.374766
0.241064
0.0156366
-0.152372
-0.00706726
-0.216443
-0.206443
-0.134929
-0.342611
-0.61001
-0.121556
-0.246011
-0.190244
-0.356132
-0.8643
-0.484528
-0.699519
-0.838394
-0.532993
-0.513853
-0.417269
-0.479331
-0.237651
0.00940918
0.00261475
0.129564
-0.0390253
-0.0190253
0.085127
-0.00158325
-0.00853027
0.0230304
-0.357894
-0.216364
-0.0161322
0.170829
-0.143633
-0.380551
-0.282416
-0.0628064
-0.00391724
-0.0364795
-0.305609
-0.161926
-0.220428
-0.0609076
-0.226908
-0.229725
-0.207737
-0.384343
-0.239913
-0.0809161
0.251146
0.354661
0.377794
0.448142
0.0705481
0.282615
-0.170428
0.159894
0.243548
0.0914996
0.0453778
-0.000896606
0.0372766
0.0190839
-0.423227
-0.242821
-0.159263
-0.0437775
0.0402747
-0.0791284
