0.01970527
0.01533437
0.007417587
0.003740405
0.009988221
0.01862679
0.01677072
0.01627766
0.0139889
0.003185597
0.006347456
0.01686792
0.01513762
0.009225441
0.005014082
0.01036015
0.01933237
0.01132473
0.00154218
0.005967728
0.01340191
0.01518348
0.01137284
0.008133264
0.009569369
0.009238075
0.006938295
0.008440648
0.01137173
0.01399888
0.01487997
0.01173401
0.008750143
0.009684764
0.01263878
0.0153732
0.01640154
0.01544329
0.01522949
0.01561903
0.0130383
0.009374324
0.008929979
0.0100797
0.01186115
0.01540626
0.016783
0.01450297
0.01036006
0.007844543
0.009956963
0.01308823
0.01351777
0.01610261
0.024869
0.02703956
0.01072681
-0.004735617
-0.005351171
0.0004637091
0.01266512
0.03027918
0.03857439
0.02761132
0.008816134
-0.001233341
0.001677342
0.00678736
0.01401506
0.03457118
0.06409179
0.05931652
0.004498729
-0.05270608
-0.06954517
-0.03988814
0.008523943
0.0368997
0.02853556
0.01395145
0.05122581
0.1734217
0.2813419
0.2087849
-0.04053049
-0.2647167
-0.2853285
-0.1263165
0.04396603
0.1127761
0.09162863
0.04585927
0.01498435
0.003680106
0.007424088
0.01616564
0.01656244
0.007493987
0.003395433
0.01081498
0.02245106
0.02740902
0.02214669
0.01421275
0.01165168
0.01500723
0.01958103
0.02137187
0.02145522
0.0228735
0.02560217
0.02802282
0.02941969
0.02957628
0.02869382
0.0269276
0.02571948
0.02621195
0.02648222
0.02488423
0.02532483
0.03006909
0.03419718
0.03004932
0.02494174
0.02869691
0.03516277
0.0356771
0.03212203
0.03124645
0.03266542
0.03183663
0.02967997
0.02740612
0.02551766
0.02555588
