   3.1485993e-02
  -1.0625750e-01
   2.7753498e-01
  -1.2117754e+00
  -4.6191034e-01
   3.3043571e-02
  -1.1413549e+00
  -5.3359188e-01
  -1.8291714e-01
  -1.1248782e-01
   2.3631958e-01
   1.0157325e+00
  -7.7704856e-01
  -1.6075296e-01
  -5.2117939e-02
   9.3165842e-01
   1.3533468e+00
  -1.4194999e-01
   5.0683067e-01
   7.7637753e-02
  -5.3405303e-02
  -7.9852732e-01
  -1.3062033e+00
  -8.3750192e-01
  -1.3829376e+00
  -7.1237942e-01
  -7.9860641e-01
  -1.2658798e+00
  -1.1270928e+00
  -8.0437318e-01
  -1.2195809e+00
  -5.9434181e-01
  -7.7761536e-01
   7.1747956e-02
  -4.5725737e-01
  -1.2276082e+00
  -3.7912364e-01
  -5.6868242e-01
  -1.1643077e+00
  -1.0394906e+00
  -1.2174916e+00
  -9.1500296e-01
  -9.1661546e-01
  -4.5467386e-01
  -6.8964845e-01
  -3.8856796e-01
  -6.2326795e-01
  -7.2747409e-01
  -2.7581821e-01
   2.3993123e-01
   8.8774746e-01
   7.2949842e-01
   2.4721164e-01
   2.1682020e-01
  -9.0615819e-02
   1.3119295e-01
   9.2945936e-01
   8.9070005e-01
   1.2460234e+00
   1.0449354e+00
   9.5641710e-01
   1.5209172e+00
   1.6180890e+00
   1.9063727e+00
   1.8269362e+00
   1.8743490e+00
   2.1756096e+00
   2.6746233e+00
   2.0440833e+00
