   1.0642902e-02
  -3.1892235e-01
  -1.1685540e-01
  -8.9400887e-01
  -2.5457824e-01
   2.0777387e-01
  -1.0115471e+00
  -7.3918636e-01
  -5.3125792e-01
  -1.0777671e-01
   2.6392072e-01
   9.4363253e-01
  -7.8158296e-01
  -5.3328520e-01
  -4.7819606e-01
   6.5311445e-01
   1.0966481e+00
  -9.3214014e-03
   1.7965637e-01
  -4.0613947e-01
  -5.0574063e-01
  -7.7162284e-01
  -1.0843529e+00
  -6.0944043e-01
  -1.3798951e+00
  -1.0804305e+00
  -1.1012322e+00
  -1.1944871e+00
  -9.4830473e-01
  -5.9198819e-01
  -1.0328776e+00
  -9.6655025e-01
  -1.0203613e+00
  -1.2020482e-01
  -4.0371555e-01
  -9.0445377e-01
  -3.2910282e-01
  -8.9308337e-01
  -1.2297000e+00
  -9.6117355e-01
  -9.6280419e-01
  -6.2037011e-01
  -6.9264706e-01
  -6.7894088e-01
  -6.4861982e-01
  -3.6048160e-01
  -3.8569039e-01
  -3.9644379e-01
  -1.0195929e-01
   2.0645173e-01
   8.3341018e-01
   6.7329911e-01
   4.3491740e-01
   4.4646408e-01
   1.6731641e-01
   1.6290928e-01
   1.1627110e+00
   9.9872166e-01
   1.4085848e+00
   1.2340625e+00
   1.1389125e+00
   1.3477224e+00
   1.6294262e+00
   2.0451508e+00
   2.0715055e+00
   2.0621183e+00
   2.2900551e+00
   2.3777570e+00
   2.1124477e+00
