   4.8820191e-01
   9.4459248e-02
   2.8358915e-01
  -7.4485135e-01
  -1.6700699e-01
   2.2499323e-01
  -6.7898695e-01
  -3.9213081e-01
  -1.9558308e-01
   1.3538180e-01
   4.1412313e-01
   1.0544964e+00
  -4.5540643e-01
  -1.9523459e-01
  -1.6790310e-01
   9.7245211e-01
   1.3411534e+00
  -2.7063806e-02
   5.6651234e-01
  -1.1219466e-01
  -2.5602101e-01
  -6.7689602e-01
  -1.1458127e+00
  -7.1363670e-01
  -1.2905849e+00
  -9.6564395e-01
  -1.0138350e+00
  -1.2140667e+00
  -1.0272269e+00
  -7.0701541e-01
  -1.2046575e+00
  -9.6300539e-01
  -1.0392249e+00
  -8.2423755e-02
  -4.6023549e-01
  -1.0780565e+00
  -4.2782603e-01
  -1.0474891e+00
  -1.4284372e+00
  -1.1411828e+00
  -1.1560682e+00
  -7.8099463e-01
  -8.6219254e-01
  -1.0140341e+00
  -9.6818294e-01
  -5.9803796e-01
  -5.8399883e-01
  -5.5786217e-01
  -2.2530420e-01
   1.5947732e-01
   4.7202207e-01
   4.0595853e-01
   2.4635062e-01
   3.5831512e-01
   4.2484620e-02
   1.3244454e-01
   5.5755120e-01
   5.7283492e-01
   1.2278945e+00
   1.2038487e+00
   1.0955185e+00
   1.4980231e+00
   1.6339338e+00
   1.5123112e+00
   1.8336179e+00
   2.0857248e+00
   2.3420134e+00
   2.6929418e+00
   2.1176862e+00
