   4.4742467e-01
   2.9387203e-01
   8.7305948e-01
  -1.3201646e+00
  -2.4284940e-01
   5.5841184e-01
  -1.2682101e+00
  -2.9670687e-01
   2.3250203e-01
   3.3878807e-01
   9.1949725e-01
   2.0414036e+00
  -6.6411130e-01
   2.1163206e-01
   4.2989322e-01
   1.9145260e+00
   2.6052211e+00
   4.0296283e-01
   1.2190933e+00
   5.7139134e-01
   4.2795044e-01
  -6.4220694e-01
  -1.4626672e+00
  -7.0102414e-01
  -1.6871049e+00
  -6.7515465e-01
  -7.5096289e-01
  -1.4561327e+00
  -1.1923687e+00
  -6.5102902e-01
  -1.2776256e+00
  -5.5134049e-01
  -7.7360325e-01
   5.0818465e-01
  -2.3582754e-01
  -1.3440581e+00
  -6.3596360e-02
  -6.2125408e-01
  -1.5201218e+00
  -1.2774400e+00
  -1.5460643e+00
  -1.0352554e+00
  -9.8337056e-01
  -6.1215682e-01
  -9.1244247e-01
  -5.1239535e-01
  -8.6658489e-01
  -1.0238441e+00
  -3.4224288e-01
   4.3608294e-01
   1.0878031e+00
   8.4898689e-01
   6.6841824e-02
  -3.3340696e-02
  -4.9729736e-01
  -2.1688046e-01
   6.6188647e-01
   6.0339418e-01
   9.7666341e-01
   5.6456177e-01
   3.7665904e-01
   1.1742369e+00
   1.2122438e+00
   1.3757060e+00
   1.0385539e+00
   9.4715038e-01
   1.2388328e+00
   1.8832658e+00
   7.6875269e-01
